0.25  0.00  24.40  0
0.50  0.25  24.34  0
0.75  0.50  24.38  0
1.00  0.75  24.38  0
1.25  1.00  24.40  0
1.50  1.25  24.40  0
1.75  1.50  24.40  0
2.00  1.75  24.40  0
2.25  2.00  24.38  0
2.50  2.25  24.38  0
2.75  2.50  24.44  0
3.00  2.75  24.38  0
3.25  3.00  24.44  0
3.50  3.25  24.38  0
3.75  3.50  24.38  0
4.00  3.75  24.44  0
4.25  4.00  24.40  0
4.50  4.25  24.38  0
4.75  4.50  24.44  0
5.00  4.75  24.38  0
5.25  5.00  24.38  0
5.50  5.25  24.38  0
5.75  5.50  24.38  0
6.00  5.75  24.38  0
6.25  6.00  24.38  0
6.50  6.25  24.44  0
6.75  6.50  24.40  0
7.00  6.75  24.40  0
7.25  7.00  24.38  0
7.50  7.25  24.38  0
7.75  7.50  24.38  0
8.00  7.75  24.38  0
8.25  8.00  24.40  0
8.50  8.25  24.40  0
8.75  8.50  24.44  0
9.00  8.75  24.38  0
9.25  9.00  24.44  0
9.50  9.25  24.40  0
9.75  9.50  24.38  0
10.00  9.75  24.38  0
10.25  10.00  24.38  0
10.50  10.25  24.56  1
10.75  10.50  24.80  1
11.00  10.75  25.24  1
11.25  11.00  25.46  1
11.50  11.25  25.78  1
11.75  11.50  26.08  1
12.00  11.75  26.30  1
12.25  12.00  26.64  1
12.50  12.25  26.82  1
12.75  12.50  26.98  1
13.00  12.75  27.22  1
13.25  13.00  27.34  1
13.50  13.25  27.48  1
13.75  13.50  27.62  1
14.00  13.75  27.86  1
14.25  14.00  27.92  1
14.50  14.25  28.06  1
14.75  14.50  28.16  1
15.00  14.75  28.30  1
15.25  15.00  28.32  1
15.50  15.25  28.42  1
15.75  15.50  28.52  1
16.00  15.75  28.62  1
16.25  16.00  28.70  1
16.50  16.25  28.70  1
16.75  16.50  28.84  1
17.00  16.75  28.88  1
17.25  17.00  28.94  1
17.50  17.25  28.98  1
17.75  17.50  29.08  1
18.00  17.75  29.10  1
18.25  18.00  29.14  1
18.50  18.25  29.16  1
18.75  18.50  29.18  1
19.00  18.75  29.22  1
19.25  19.00  29.30  1
19.50  19.25  29.24  1
19.75  19.50  29.34  1
20.00  19.75  29.28  1
20.25  20.00  29.42  1
20.50  20.25  29.44  1
20.75  20.50  29.48  1
21.00  20.75  29.56  1
21.25  21.00  29.56  1
21.50  21.25  29.56  1
21.75  21.50  29.62  1
22.00  21.75  29.58  1
22.25  22.00  29.64  1
22.50  22.25  29.64  1
22.75  22.50  29.74  1
23.00  22.75  29.74  1
23.25  23.00  29.78  1
23.50  23.25  29.78  1
23.75  23.50  29.78  1
24.00  23.75  29.78  1
24.25  24.00  29.76  1
24.50  24.25  29.82  1
24.75  24.50  29.84  1
25.00  24.75  29.92  1
25.25  25.00  29.88  1
25.50  25.25  29.90  1
25.75  25.50  29.96  1
26.00  25.75  29.92  1
26.25  26.00  30.02  1
26.50  26.25  30.02  1
26.75  26.50  30.04  1
27.00  26.75  30.08  1
27.25  27.00  30.02  1
27.50  27.25  30.14  1
27.75  27.50  30.14  1
28.00  27.75  30.08  1
28.25  28.00  30.14  1
28.50  28.25  30.10  1
28.75  28.50  30.10  1
29.00  28.75  30.14  1
29.25  29.00  30.10  1
29.50  29.25  30.16  1
29.75  29.50  30.18  1
30.00  29.75  30.14  1
30.25  30.00  30.16  1
30.50  30.25  30.18  1
30.75  30.50  30.16  1
31.00  30.75  30.18  1
31.25  31.00  30.24  1
31.50  31.25  30.24  1
31.75  31.50  30.22  1
32.00  31.75  30.24  1
32.25  32.00  30.28  1
32.50  32.25  30.24  1
32.75  32.50  30.22  1
33.00  32.75  30.28  1
33.25  33.00  30.30  1
33.50  33.25  30.28  1
33.75  33.50  30.22  1
34.00  33.75  30.28  1
34.25  34.00  30.32  1
34.50  34.25  30.38  1
34.75  34.50  30.38  1
35.00  34.75  30.28  1
35.25  35.00  30.32  1
35.50  35.25  30.30  1
35.75  35.50  30.38  1
36.00  35.75  30.38  1
36.25  36.00  30.38  1
36.50  36.25  30.42  1
36.75  36.50  30.32  1
37.00  36.75  30.38  1
37.25  37.00  30.32  1
37.50  37.25  30.38  1
37.75  37.50  30.42  1
38.00  37.75  30.36  1
38.25  38.00  30.32  1
38.50  38.25  30.38  1
38.75  38.50  30.38  1
39.00  38.75  30.46  1
39.25  39.00  30.42  1
39.50  39.25  30.44  1
39.75  39.50  30.44  1
40.00  39.75  30.44  1
40.25  40.00  30.36  1
40.50  40.25  30.32  0
40.75  40.50  29.90  0
41.00  40.75  29.54  0
41.25  41.00  29.28  0
41.50  41.25  28.96  0
41.75  41.50  28.76  0
42.00  41.75  28.46  0
42.25  42.00  28.38  0
42.50  42.25  28.10  0
42.75  42.50  27.80  0
43.00  42.75  27.72  0
43.25  43.00  27.52  0
43.50  43.25  27.52  0
43.75  43.50  27.24  0
44.00  43.75  27.14  0
44.25  44.00  27.02  0
44.50  44.25  26.90  0
44.75  44.50  26.84  0
45.00  44.75  26.76  0
45.25  45.00  26.72  0
45.50  45.25  26.54  0
45.75  45.50  26.46  0
46.00  45.75  26.34  0
46.25  46.00  26.26  0
46.50  46.25  26.28  0
46.75  46.50  26.16  0
47.00  46.75  26.16  0
47.25  47.00  25.98  0
47.50  47.25  25.92  0
47.75  47.50  25.90  0
48.00  47.75  25.84  0
48.25  48.00  25.86  0
48.50  48.25  25.80  0
48.75  48.50  25.80  0
49.00  48.75  25.78  0
49.25  49.00  25.68  0
49.50  49.25  25.66  0
49.75  49.50  25.58  0
50.00  49.75  25.58  0
50.25  50.00  25.54  0
50.50  50.25  25.52  0
50.75  50.50  25.48  0
51.00  50.75  25.42  0
51.25  51.00  25.46  0
51.50  51.25  25.42  0
51.75  51.50  25.40  0
52.00  51.75  25.34  0
52.25  52.00  25.28  0
52.50  52.25  25.28  0
52.75  52.50  25.34  0
53.00  52.75  25.24  0
53.25  53.00  25.22  0
53.50  53.25  25.22  0
53.75  53.50  25.18  0
54.00  53.75  25.18  0
54.25  54.00  25.18  0
54.50  54.25  25.12  0
54.75  54.50  25.12  0
55.00  54.75  25.16  0
55.25  55.00  25.06  0
55.50  55.25  25.10  0
55.75  55.50  25.06  0
56.00  55.75  25.00  0
56.25  56.00  24.98  0
56.50  56.25  25.06  0
56.75  56.50  25.00  0
57.00  56.75  24.98  0
57.25  57.00  24.98  0
57.50  57.25  24.94  0
57.75  57.50  24.98  0
58.00  57.75  24.94  0
58.25  58.00  24.92  0
58.50  58.25  24.94  0
58.75  58.50  24.92  0
59.00  58.75  24.88  0
59.25  59.00  24.92  0
59.50  59.25  24.92  0
59.75  59.50  24.94  0
60.00  59.75  24.88  0
60.25  60.00  24.92  0
60.50  60.25  24.86  0
60.75  60.50  24.94  0
61.00  60.75  24.86  0
61.25  61.00  24.86  0
61.50  61.25  24.80  0
61.75  61.50  24.80  0
62.00  61.75  24.80  0
62.25  62.00  24.82  0
62.50  62.25  24.80  0
62.75  62.50  24.82  0
63.00  62.75  24.86  0
63.25  63.00  24.82  0
63.50  63.25  24.80  0
63.75  63.50  24.74  0
64.00  63.75  24.80  0
64.25  64.00  24.74  0
64.50  64.25  24.76  0
64.75  64.50  24.76  0
65.00  64.75  24.74  0
65.25  65.00  24.76  0
65.50  65.25  24.70  0
65.75  65.50  24.74  0
66.00  65.75  24.74  0
66.25  66.00  24.80  0
66.50  66.25  24.74  0
66.75  66.50  24.76  0
67.00  66.75  24.74  0
67.25  67.00  24.68  0
67.50  67.25  24.74  0
67.75  67.50  24.64  0
68.00  67.75  24.74  0
68.25  68.00  24.68  0
68.50  68.25  24.68  0
68.75  68.50  24.64  0
69.00  68.75  24.70  0
69.25  69.00  24.64  0
69.50  69.25  24.70  0
69.75  69.50  24.70  0
70.00  69.75  24.64  0
70.25  70.00  24.62  0
70.50  70.25  24.62  0
70.75  70.50  24.70  0
71.00  70.75  24.62  0
71.25  71.00  24.70  0
71.50  71.25  24.62  0
71.75  71.50  24.64  0
72.00  71.75  24.64  0
72.25  72.00  24.58  0
72.50  72.25  24.62  0
72.75  72.50  24.68  0
73.00  72.75  24.62  0
73.25  73.00  24.64  0
73.50  73.25  24.62  0
73.75  73.50  24.64  0
74.00  73.75  24.68  0
74.25  74.00  24.58  0
74.50  74.25  24.62  0
74.75  74.50  24.64  0
75.00  74.75  24.58  0
75.25  75.00  24.64  0
75.50  75.25  24.58  0
75.75  75.50  24.56  0
76.00  75.75  24.62  0
76.25  76.00  24.58  0
76.50  76.25  24.56  0
76.75  76.50  24.62  0
77.00  76.75  24.58  0
77.25  77.00  24.58  0
77.50  77.25  24.56  0
77.75  77.50  24.58  0
78.00  77.75  24.56  0
78.25  78.00  24.58  0
78.50  78.25  24.58  0
78.75  78.50  24.58  0
79.00  78.75  24.58  0
79.25  79.00  24.58  0
79.50  79.25  24.56  0
79.75  79.50  24.58  0
80.00  79.75  24.58  0
80.25  80.00  24.64  0
80.50  80.25  24.58  0
80.75  80.50  24.58  0
81.00  80.75  24.52  0
81.25  81.00  24.56  0
81.50  81.25  24.56  0
81.75  81.50  24.56  0
82.00  81.75  24.62  0
82.25  82.00  24.56  0
82.50  82.25  24.58  0
82.75  82.50  24.56  0
83.00  82.75  24.58  0
83.25  83.00  24.58  0
83.50  83.25  24.56  0
83.75  83.50  24.58  0
84.00  83.75  24.56  0
84.25  84.00  24.58  0
84.50  84.25  24.58  0
84.75  84.50  24.62  0
85.00  84.75  24.56  0
85.25  85.00  24.62  0
85.50  85.25  24.56  0
85.75  85.50  24.56  0
86.00  85.75  24.52  0
86.25  86.00  24.56  0
86.50  86.25  24.58  0
86.75  86.50  24.52  0
87.00  86.75  24.56  0
87.25  87.00  24.58  0
87.50  87.25  24.58  0
87.75  87.50  24.56  0
88.00  87.75  24.56  0
88.25  88.00  24.52  0
88.50  88.25  24.52  0
88.75  88.50  24.56  0
89.00  88.75  24.56  0
89.25  89.00  24.58  0
89.50  89.25  24.56  0
89.75  89.50  24.52  0
90.00  89.75  24.52  0
90.25  90.00  24.56  0
90.50  90.25  24.62  0
90.75  90.50  24.56  0
91.00  90.75  24.52  0
91.25  91.00  24.58  0
91.50  91.25  24.58  0
91.75  91.50  24.56  0
92.00  91.75  24.56  0
92.25  92.00  24.58  0
92.50  92.25  24.58  0
92.75  92.50  24.52  0
93.00  92.75  24.52  0
93.25  93.00  24.56  0
93.50  93.25  24.58  0
93.75  93.50  24.52  0
94.00  93.75  24.52  0
94.25  94.00  24.52  0
94.50  94.25  24.58  0
94.75  94.50  24.52  0
95.00  94.75  24.56  0
95.25  95.00  24.52  0
95.50  95.25  24.52  0
95.75  95.50  24.52  0
96.00  95.75  24.58  0
96.25  96.00  24.50  0
96.50  96.25  24.52  0
96.75  96.50  24.58  0
97.00  96.75  24.52  0
97.25  97.00  24.56  0
97.50  97.25  24.56  0
97.75  97.50  24.52  0
98.00  97.75  24.56  0
98.25  98.00  24.56  0
98.50  98.25  24.50  0
98.75  98.50  24.50  0
99.00  98.75  24.56  0
99.25  99.00  24.56  0
99.50  99.25  24.56  0
99.75  99.50  24.56  0
100.00  99.75  24.52  0
100.25  100.00  24.56  0
100.50  100.25  24.52  0
100.75  100.50  24.52  0
101.00  100.75  24.58  0
101.25  101.00  24.56  0
101.50  101.25  24.52  0
101.75  101.50  24.50  0
102.00  101.75  24.56  0
102.25  102.00  24.56  0
102.50  102.25  24.62  0
102.75  102.50  24.52  0
103.00  102.75  24.50  0
103.25  103.00  24.56  0
103.50  103.25  24.50  0
103.75  103.50  24.52  0
104.00  103.75  24.52  0
104.25  104.00  24.52  0
104.50  104.25  24.52  0
104.75  104.50  24.56  0
105.00  104.75  24.56  0
105.25  105.00  24.56  0
105.50  105.25  24.58  0
105.75  105.50  24.52  0
106.00  105.75  24.56  0
106.25  106.00  24.56  0
106.50  106.25  24.58  0
106.75  106.50  24.56  0
107.00  106.75  24.52  0
107.25  107.00  24.58  0
107.50  107.25  24.52  0
107.75  107.50  24.56  0
108.00  107.75  24.52  0
108.25  108.00  24.52  0
108.50  108.25  24.56  0
108.75  108.50  24.56  0
109.00  108.75  24.56  0
109.25  109.00  24.58  0
109.50  109.25  24.50  0
109.75  109.50  24.50  0
110.00  109.75  24.56  0
110.25  110.00  24.56  0
110.50  110.25  24.52  0
110.75  110.50  24.52  0
111.00  110.75  24.52  0
111.25  111.00  24.50  0
111.50  111.25  24.52  0
111.75  111.50  24.56  0
112.00  111.75  24.52  0
112.25  112.00  24.52  0
112.50  112.25  24.50  0
112.75  112.50  24.52  0
113.00  112.75  24.52  0
113.25  113.00  24.52  0
113.50  113.25  24.56  0
113.75  113.50  24.50  0
114.00  113.75  24.46  0
114.25  114.00  24.56  0
114.50  114.25  24.50  0
114.75  114.50  24.52  0
115.00  114.75  24.52  0
115.25  115.00  24.50  0
115.50  115.25  24.52  0
115.75  115.50  24.56  0
116.00  115.75  24.52  0
116.25  116.00  24.58  0
116.50  116.25  24.52  0
116.75  116.50  24.58  0
117.00  116.75  24.50  0
117.25  117.00  24.58  0
117.50  117.25  24.50  0
117.75  117.50  24.52  0
118.00  117.75  24.52  0
118.25  118.00  24.56  0
118.50  118.25  24.52  0
118.75  118.50  24.56  0
119.00  118.75  24.58  0
119.25  119.00  24.50  0
119.50  119.25  24.56  0
119.75  119.50  24.50  0
120.00  119.75  24.56  0
120.25  120.00  24.50  0
120.50  0.00  24.52  0
120.75  0.25  24.58  0
121.00  0.50  24.52  0
121.25  0.75  24.50  0
121.50  1.00  24.50  0
121.75  1.25  24.56  0
122.00  1.50  24.46  0
122.25  1.75  24.56  0
122.50  2.00  24.50  0
122.75  2.25  24.50  0
123.00  2.50  24.52  0
123.25  2.75  24.50  0
123.50  3.00  24.50  0
123.75  3.25  24.50  0
124.00  3.50  24.52  0
124.25  3.75  24.52  0
124.50  4.00  24.56  0
124.75  4.25  24.56  0
125.00  4.50  24.50  0
125.25  4.75  24.46  0
125.50  5.00  24.52  0
125.75  5.25  24.50  0
126.00  5.50  24.52  0
126.25  5.75  24.46  0
126.50  6.00  24.52  0
126.75  6.25  24.50  0
127.00  6.50  24.52  0
127.25  6.75  24.58  0
127.50  7.00  24.46  0
127.75  7.25  24.56  0
128.00  7.50  24.56  0
128.25  7.75  24.58  0
128.50  8.00  24.52  0
128.75  8.25  24.50  0
129.00  8.50  24.52  0
129.25  8.75  24.56  0
129.50  9.00  24.50  0
129.75  9.25  24.52  0
130.00  9.50  24.50  0
130.25  9.75  24.56  0
130.50  10.00  24.56  0
130.75  10.25  24.68  1
131.00  10.50  24.94  1
131.25  10.75  25.40  1
131.50  11.00  25.60  1
131.75  11.25  25.90  1
132.00  11.50  26.14  1
132.25  11.75  26.46  1
132.50  12.00  26.72  1
132.75  12.25  26.82  1
133.00  12.50  27.10  1
133.25  12.75  27.22  1
133.50  13.00  27.46  1
133.75  13.25  27.60  1
134.00  13.50  27.72  1
134.25  13.75  27.94  1
134.50  14.00  28.04  1
134.75  14.25  28.16  1
135.00  14.50  28.24  1
135.25  14.75  28.38  1
135.50  15.00  28.50  1
135.75  15.25  28.58  1
136.00  15.50  28.68  1
136.25  15.75  28.70  1
136.50  16.00  28.78  1
136.75  16.25  28.90  1
137.00  16.50  28.96  1
137.25  16.75  29.02  1
137.50  17.00  29.04  1
137.75  17.25  29.08  1
138.00  17.50  29.18  1
138.25  17.75  29.18  1
138.50  18.00  29.34  1
138.75  18.25  29.34  1
139.00  18.50  29.36  1
139.25  18.75  29.36  1
139.50  19.00  29.38  1
139.75  19.25  29.48  1
140.00  19.50  29.48  1
140.25  19.75  29.56  1
140.50  20.00  29.54  1
140.75  20.25  29.58  1
141.00  20.50  29.62  1
141.25  20.75  29.64  1
141.50  21.00  29.68  1
141.75  21.25  29.70  1
142.00  21.50  29.74  1
142.25  21.75  29.78  1
142.50  22.00  29.82  1
142.75  22.25  29.82  1
143.00  22.50  29.84  1
143.25  22.75  29.92  1
143.50  23.00  29.88  1
143.75  23.25  29.90  1
144.00  23.50  29.96  1
144.25  23.75  29.98  1
144.50  24.00  29.92  1
144.75  24.25  29.92  1
145.00  24.50  29.98  1
145.25  24.75  29.98  1
145.50  25.00  30.02  1
145.75  25.25  30.02  1
146.00  25.50  30.14  1
146.25  25.75  30.10  1
146.50  26.00  30.16  1
146.75  26.25  30.16  1
147.00  26.50  30.18  1
147.25  26.75  30.14  1
147.50  27.00  30.16  1
147.75  27.25  30.18  1
148.00  27.50  30.18  1
148.25  27.75  30.18  1
148.50  28.00  30.18  1
148.75  28.25  30.18  1
149.00  28.50  30.22  1
149.25  28.75  30.22  1
149.50  29.00  30.28  1
149.75  29.25  30.28  1
150.00  29.50  30.22  1
150.25  29.75  30.24  1
150.50  30.00  30.30  1
150.75  30.25  30.24  1
151.00  30.50  30.28  1
151.25  30.75  30.24  1
151.50  31.00  30.30  1
151.75  31.25  30.36  1
152.00  31.50  30.30  1
152.25  31.75  30.36  1
152.50  32.00  30.36  1
152.75  32.25  30.36  1
153.00  32.50  30.32  1
153.25  32.75  30.38  1
153.50  33.00  30.46  1
153.75  33.25  30.36  1
154.00  33.50  30.36  1
154.25  33.75  30.44  1
154.50  34.00  30.38  1
154.75  34.25  30.38  1
155.00  34.50  30.32  1
155.25  34.75  30.36  1
155.50  35.00  30.44  1
155.75  35.25  30.36  1
156.00  35.50  30.38  1
156.25  35.75  30.44  1
156.50  36.00  30.38  1
156.75  36.25  30.42  1
157.00  36.50  30.44  1
157.25  36.75  30.44  1
157.50  37.00  30.44  1
157.75  37.25  30.46  1
158.00  37.50  30.44  1
158.25  37.75  30.44  1
158.50  38.00  30.44  1
158.75  38.25  30.46  1
159.00  38.50  30.46  1
159.25  38.75  30.46  1
159.50  39.00  30.50  1
159.75  39.25  30.44  1
160.00  39.50  30.46  1
160.25  39.75  30.50  1
160.50  40.00  30.44  1
160.75  40.25  30.28  0
161.00  40.50  30.02  0
161.25  40.75  29.62  0
161.50  41.00  29.38  0
161.75  41.25  29.04  0
162.00  41.50  28.76  0
162.25  41.75  28.56  0
162.50  42.00  28.36  0
162.75  42.25  28.18  0
163.00  42.50  27.94  0
163.25  42.75  27.84  0
163.50  43.00  27.62  0
163.75  43.25  27.48  0
164.00  43.50  27.36  0
164.25  43.75  27.28  0
164.50  44.00  27.14  0
164.75  44.25  26.98  0
165.00  44.50  26.90  0
165.25  44.75  26.84  0
165.50  45.00  26.66  0
165.75  45.25  26.64  0
166.00  45.50  26.54  0
166.25  45.75  26.52  0
166.50  46.00  26.40  0
166.75  46.25  26.36  0
167.00  46.50  26.30  0
167.25  46.75  26.16  0
167.50  47.00  26.16  0
167.75  47.25  26.10  0
168.00  47.50  25.96  0
168.25  47.75  25.92  0
168.50  48.00  25.96  0
168.75  48.25  25.92  0
169.00  48.50  25.84  0
169.25  48.75  25.86  0
169.50  49.00  25.72  0
169.75  49.25  25.78  0
170.00  49.50  25.68  0
170.25  49.75  25.68  0
170.50  50.00  25.62  0
170.75  50.25  25.58  0
171.00  50.50  25.66  0
171.25  50.75  25.54  0
171.50  51.00  25.58  0
171.75  51.25  25.52  0
172.00  51.50  25.46  0
172.25  51.75  25.42  0
172.50  52.00  25.48  0
172.75  52.25  25.40  0
173.00  52.50  25.36  0
173.25  52.75  25.40  0
173.50  53.00  25.34  0
173.75  53.25  25.28  0
174.00  53.50  25.34  0
174.25  53.75  25.30  0
174.50  54.00  25.28  0
174.75  54.25  25.24  0
175.00  54.50  25.24  0
175.25  54.75  25.22  0
175.50  55.00  25.18  0
175.75  55.25  25.24  0
176.00  55.50  25.10  0
176.25  55.75  25.18  0
176.50  56.00  25.10  0
176.75  56.25  25.06  0
177.00  56.50  25.06  0
177.25  56.75  25.06  0
177.50  57.00  25.10  0
177.75  57.25  25.06  0
178.00  57.50  25.04  0
178.25  57.75  25.06  0
178.50  58.00  25.04  0
178.75  58.25  25.00  0
179.00  58.50  25.04  0
179.25  58.75  25.04  0
179.50  59.00  25.04  0
179.75  59.25  24.98  0
180.00  59.50  24.98  0
180.25  59.75  24.92  0
180.50  60.00  24.98  0
180.75  60.25  24.98  0
181.00  60.50  24.98  0
181.25  60.75  25.00  0
181.50  61.00  24.94  0
181.75  61.25  24.94  0
182.00  61.50  24.88  0
182.25  61.75  24.94  0
182.50  62.00  24.88  0
182.75  62.25  24.88  0
183.00  62.50  24.88  0
183.25  62.75  24.88  0
183.50  63.00  24.92  0
183.75  63.25  24.88  0
184.00  63.50  24.86  0
184.25  63.75  24.88  0
184.50  64.00  24.86  0
184.75  64.25  24.86  0
185.00  64.50  24.86  0
185.25  64.75  24.86  0
185.50  65.00  24.76  0
185.75  65.25  24.88  0
186.00  65.50  24.86  0
186.25  65.75  24.82  0
186.50  66.00  24.88  0
186.75  66.25  24.88  0
187.00  66.50  24.74  0
187.25  66.75  24.76  0
187.50  67.00  24.86  0
187.75  67.25  24.86  0
188.00  67.50  24.82  0
188.25  67.75  24.74  0
188.50  68.00  24.76  0
188.75  68.25  24.74  0
189.00  68.50  24.74  0
189.25  68.75  24.76  0
189.50  69.00  24.76  0
189.75  69.25  24.76  0
190.00  69.50  24.76  0
190.25  69.75  24.80  0
190.50  70.00  24.74  0
190.75  70.25  24.74  0
191.00  70.50  24.80  0
191.25  70.75  24.74  0
191.50  71.00  24.76  0
191.75  71.25  24.70  0
192.00  71.50  24.70  0
192.25  71.75  24.76  0
192.50  72.00  24.76  0
192.75  72.25  24.74  0
193.00  72.50  24.76  0
193.25  72.75  24.70  0
193.50  73.00  24.70  0
193.75  73.25  24.70  0
194.00  73.50  24.70  0
194.25  73.75  24.70  0
194.50  74.00  24.68  0
194.75  74.25  24.68  0
195.00  74.50  24.70  0
195.25  74.75  24.74  0
195.50  75.00  24.76  0
195.75  75.25  24.70  0
196.00  75.50  24.74  0
196.25  75.75  24.68  0
196.50  76.00  24.74  0
196.75  76.25  24.74  0
197.00  76.50  24.70  0
197.25  76.75  24.70  0
197.50  77.00  24.68  0
197.75  77.25  24.70  0
198.00  77.50  24.70  0
198.25  77.75  24.70  0
198.50  78.00  24.68  0
198.75  78.25  24.64  0
199.00  78.50  24.68  0
199.25  78.75  24.74  0
199.50  79.00  24.70  0
199.75  79.25  24.74  0
200.00  79.50  24.76  0
200.25  79.75  24.64  0
200.50  80.00  24.70  0
200.75  80.25  24.64  0
201.00  80.50  24.64  0
201.25  80.75  24.70  0
201.50  81.00  24.68  0
201.75  81.25  24.62  0
202.00  81.50  24.70  0
202.25  81.75  24.74  0
202.50  82.00  24.64  0
202.75  82.25  24.62  0
203.00  82.50  24.70  0
203.25  82.75  24.68  0
203.50  83.00  24.68  0
203.75  83.25  24.64  0
204.00  83.50  24.68  0
204.25  83.75  24.74  0
204.50  84.00  24.68  0
204.75  84.25  24.68  0
205.00  84.50  24.64  0
205.25  84.75  24.62  0
205.50  85.00  24.68  0
205.75  85.25  24.68  0
206.00  85.50  24.70  0
206.25  85.75  24.68  0
206.50  86.00  24.74  0
206.75  86.25  24.64  0
207.00  86.50  24.68  0
207.25  86.75  24.70  0
207.50  87.00  24.74  0
207.75  87.25  24.62  0
208.00  87.50  24.68  0
208.25  87.75  24.68  0
208.50  88.00  24.68  0
208.75  88.25  24.70  0
209.00  88.50  24.68  0
209.25  88.75  24.68  0
209.50  89.00  24.62  0
209.75  89.25  24.68  0
210.00  89.50  24.68  0
210.25  89.75  24.64  0
210.50  90.00  24.68  0
210.75  90.25  24.64  0
211.00  90.50  24.68  0
211.25  90.75  24.64  0
211.50  91.00  24.64  0
211.75  91.25  24.68  0
212.00  91.50  24.64  0
212.25  91.75  24.64  0
212.50  92.00  24.62  0
212.75  92.25  24.64  0
213.00  92.50  24.64  0
213.25  92.75  24.64  0
213.50  93.00  24.64  0
213.75  93.25  24.62  0
214.00  93.50  24.68  0
214.25  93.75  24.58  0
214.50  94.00  24.68  0
214.75  94.25  24.64  0
215.00  94.50  24.64  0
215.25  94.75  24.68  0
215.50  95.00  24.64  0
215.75  95.25  24.70  0
216.00  95.50  24.64  0
216.25  95.75  24.62  0
216.50  96.00  24.62  0
216.75  96.25  24.62  0
217.00  96.50  24.62  0
217.25  96.75  24.62  0
217.50  97.00  24.62  0
217.75  97.25  24.64  0
218.00  97.50  24.68  0
218.25  97.75  24.62  0
218.50  98.00  24.64  0
218.75  98.25  24.62  0
219.00  98.50  24.70  0
219.25  98.75  24.64  0
219.50  99.00  24.68  0
219.75  99.25  24.64  0
220.00  99.50  24.62  0
220.25  99.75  24.68  0
220.50  100.00  24.68  0
220.75  100.25  24.62  0
221.00  100.50  24.64  0
221.25  100.75  24.64  0
221.50  101.00  24.58  0
221.75  101.25  24.64  0
222.00  101.50  24.70  0
222.25  101.75  24.62  0
222.50  102.00  24.64  0
222.75  102.25  24.62  0
223.00  102.50  24.64  0
223.25  102.75  24.62  0
223.50  103.00  24.62  0
223.75  103.25  24.58  0
224.00  103.50  24.62  0
224.25  103.75  24.64  0
224.50  104.00  24.64  0
224.75  104.25  24.62  0
225.00  104.50  24.64  0
225.25  104.75  24.68  0
225.50  105.00  24.58  0
225.75  105.25  24.62  0
226.00  105.50  24.68  0
226.25  105.75  24.56  0
226.50  106.00  24.62  0
226.75  106.25  24.64  0
227.00  106.50  24.62  0
227.25  106.75  24.68  0
227.50  107.00  24.58  0
227.75  107.25  24.62  0
228.00  107.50  24.62  0
228.25  107.75  24.62  0
228.50  108.00  24.56  0
228.75  108.25  24.58  0
229.00  108.50  24.58  0
229.25  108.75  24.58  0
229.50  109.00  24.58  0
229.75  109.25  24.62  0
230.00  109.50  24.62  0
230.25  109.75  24.62  0
230.50  110.00  24.62  0
230.75  110.25  24.52  0
231.00  110.50  24.56  0
231.25  110.75  24.52  0
231.50  111.00  24.62  0
231.75  111.25  24.64  0
232.00  111.50  24.56  0
232.25  111.75  24.56  0
232.50  112.00  24.64  0
232.75  112.25  24.58  0
233.00  112.50  24.62  0
233.25  112.75  24.64  0
233.50  113.00  24.52  0
233.75  113.25  24.62  0
234.00  113.50  24.64  0
234.25  113.75  24.56  0
234.50  114.00  24.64  0
234.75  114.25  24.58  0
235.00  114.50  24.62  0
235.25  114.75  24.62  0
235.50  115.00  24.62  0
235.75  115.25  24.68  0
236.00  115.50  24.56  0
236.25  115.75  24.62  0
236.50  116.00  24.62  0
236.75  116.25  24.58  0
237.00  116.50  24.62  0
237.25  116.75  24.58  0
237.50  117.00  24.62  0
237.75  117.25  24.56  0
238.00  117.50  24.58  0
238.25  117.75  24.58  0
238.50  118.00  24.56  0
238.75  118.25  24.58  0
239.00  118.50  24.68  0
239.25  118.75  24.62  0
239.50  119.00  24.58  0
239.75  119.25  24.58  0
240.00  119.50  24.58  0
240.25  119.75  24.58  0
240.50  120.00  24.62  0
240.75  0.00  24.62  0
241.00  0.25  24.68  0
241.25  0.50  24.58  0
241.50  0.75  24.58  0
241.75  1.00  24.58  0
242.00  1.25  24.58  0
242.25  1.50  24.58  0
242.50  1.75  24.58  0
242.75  2.00  24.58  0
243.00  2.25  24.64  0
243.25  2.50  24.64  0
243.50  2.75  24.62  0
243.75  3.00  24.56  0
244.00  3.25  24.62  0
244.25  3.50  24.58  0
244.50  3.75  24.58  0
244.75  4.00  24.62  0
245.00  4.25  24.62  0
245.25  4.50  24.58  0
245.50  4.75  24.62  0
245.75  5.00  24.58  0
246.00  5.25  24.58  0
246.25  5.50  24.56  0
246.50  5.75  24.56  0
246.75  6.00  24.58  0
247.00  6.25  24.58  0
247.25  6.50  24.56  0
247.50  6.75  24.58  0
247.75  7.00  24.58  0
248.00  7.25  24.62  0
248.25  7.50  24.64  0
248.50  7.75  24.56  0
248.75  8.00  24.64  0
249.00  8.25  24.58  0
249.25  8.50  24.58  0
249.50  8.75  24.62  0
249.75  9.00  24.58  0
250.00  9.25  24.62  0
250.25  9.50  24.56  0
250.50  9.75  24.62  0
250.75  10.00  24.58  0
251.00  10.25  24.74  1
251.25  10.50  24.94  1
251.50  10.75  25.42  1
251.75  11.00  25.74  1
252.00  11.25  25.92  1
252.25  11.50  26.30  1
252.50  11.75  26.46  1
252.75  12.00  26.78  1
253.00  12.25  26.96  1
253.25  12.50  27.16  1
253.50  12.75  27.34  1
253.75  13.00  27.54  1
254.00  13.25  27.66  1
254.25  13.50  27.84  1
254.50  13.75  28.04  1
254.75  14.00  28.10  1
255.00  14.25  28.12  1
255.25  14.50  28.32  1
255.50  14.75  28.44  1
255.75  15.00  28.58  1
256.00  15.25  28.68  1
256.25  15.50  28.76  1
256.50  15.75  28.82  1
256.75  16.00  28.94  1
257.00  16.25  28.94  1
257.25  16.50  29.04  1
257.50  16.75  29.10  1
257.75  17.00  29.10  1
258.00  17.25  29.22  1
258.25  17.50  29.24  1
258.50  17.75  29.30  1
258.75  18.00  29.36  1
259.00  18.25  29.36  1
259.25  18.50  29.42  1
259.50  18.75  29.38  1
259.75  19.00  29.48  1
260.00  19.25  29.56  1
260.25  19.50  29.58  1
260.50  19.75  29.56  1
260.75  20.00  29.64  1
261.00  20.25  29.74  1
261.25  20.50  29.74  1
261.50  20.75  29.70  1
261.75  21.00  29.76  1
262.00  21.25  29.82  1
262.25  21.50  29.82  1
262.50  21.75  29.82  1
262.75  22.00  29.90  1
263.00  22.25  29.90  1
263.25  22.50  29.90  1
263.50  22.75  29.92  1
263.75  23.00  30.02  1
264.00  23.25  29.98  1
264.25  23.50  29.96  1
264.50  23.75  30.02  1
264.75  24.00  30.02  1
265.00  24.25  30.04  1
265.25  24.50  30.04  1
265.50  24.75  30.14  1
265.75  25.00  30.16  1
266.00  25.25  30.14  1
266.25  25.50  30.16  1
266.50  25.75  30.14  1
266.75  26.00  30.18  1
267.00  26.25  30.16  1
267.25  26.50  30.18  1
267.50  26.75  30.24  1
267.75  27.00  30.18  1
268.00  27.25  30.22  1
268.25  27.50  30.24  1
268.50  27.75  30.24  1
268.75  28.00  30.24  1
269.00  28.25  30.28  1
269.25  28.50  30.30  1
269.50  28.75  30.24  1
269.75  29.00  30.28  1
270.00  29.25  30.30  1
270.25  29.50  30.32  1
270.50  29.75  30.32  1
270.75  30.00  30.30  1
271.00  30.25  30.36  1
271.25  30.50  30.32  1
271.50  30.75  30.36  1
271.75  31.00  30.36  1
272.00  31.25  30.38  1
272.25  31.50  30.38  1
272.50  31.75  30.38  1
272.75  32.00  30.46  1
273.00  32.25  30.42  1
273.25  32.50  30.44  1
273.50  32.75  30.42  1
273.75  33.00  30.42  1
274.00  33.25  30.42  1
274.25  33.50  30.44  1
274.50  33.75  30.50  1
274.75  34.00  30.42  1
275.00  34.25  30.50  1
275.25  34.50  30.42  1
275.50  34.75  30.50  1
275.75  35.00  30.46  1
276.00  35.25  30.46  1
276.25  35.50  30.56  1
276.50  35.75  30.46  1
276.75  36.00  30.56  1
277.00  36.25  30.50  1
277.25  36.50  30.50  1
277.50  36.75  30.50  1
277.75  37.00  30.52  1
278.00  37.25  30.46  1
278.25  37.50  30.50  1
278.50  37.75  30.52  1
278.75  38.00  30.56  1
279.00  38.25  30.56  1
279.25  38.50  30.58  1
279.50  38.75  30.50  1
279.75  39.00  30.56  1
280.00  39.25  30.56  1
280.25  39.50  30.52  1
280.50  39.75  30.56  1
280.75  40.00  30.62  1
281.00  40.25  30.36  0
281.25  40.50  30.16  0
281.50  40.75  29.70  0
281.75  41.00  29.36  0
282.00  41.25  29.14  0
282.25  41.50  28.88  0
282.50  41.75  28.58  0
282.75  42.00  28.42  0
283.00  42.25  28.26  0
283.25  42.50  28.12  0
283.50  42.75  27.80  0
283.75  43.00  27.74  0
284.00  43.25  27.58  0
284.25  43.50  27.42  0
284.50  43.75  27.28  0
284.75  44.00  27.22  0
285.00  44.25  27.10  0
285.25  44.50  26.96  0
285.50  44.75  26.86  0
285.75  45.00  26.76  0
286.00  45.25  26.66  0
286.25  45.50  26.64  0
286.50  45.75  26.52  0
286.75  46.00  26.42  0
287.00  46.25  26.34  0
287.25  46.50  26.34  0
287.50  46.75  26.28  0
287.75  47.00  26.22  0
288.00  47.25  26.10  0
288.25  47.50  26.04  0
288.50  47.75  26.04  0
288.75  48.00  25.98  0
289.00  48.25  25.98  0
289.25  48.50  25.90  0
289.50  48.75  25.86  0
289.75  49.00  25.78  0
290.00  49.25  25.78  0
290.25  49.50  25.74  0
290.50  49.75  25.66  0
290.75  50.00  25.68  0
291.00  50.25  25.62  0
291.25  50.50  25.66  0
291.50  50.75  25.60  0
291.75  51.00  25.62  0
292.00  51.25  25.52  0
292.25  51.50  25.52  0
292.50  51.75  25.54  0
292.75  52.00  25.52  0
293.00  52.25  25.42  0
293.25  52.50  25.42  0
293.50  52.75  25.42  0
293.75  53.00  25.36  0
294.00  53.25  25.34  0
294.25  53.50  25.34  0
294.50  53.75  25.36  0
294.75  54.00  25.30  0
295.00  54.25  25.24  0
295.25  54.50  25.28  0
295.50  54.75  25.28  0
295.75  55.00  25.24  0
296.00  55.25  25.24  0
296.25  55.50  25.16  0
296.50  55.75  25.16  0
296.75  56.00  25.22  0
297.00  56.25  25.10  0
297.25  56.50  25.18  0
297.50  56.75  25.16  0
297.75  57.00  25.10  0
298.00  57.25  25.24  0
298.25  57.50  25.10  0
298.50  57.75  25.10  0
298.75  58.00  25.10  0
299.00  58.25  25.10  0
299.25  58.50  25.04  0
299.50  58.75  25.10  0
299.75  59.00  25.04  0
300.00  59.25  25.06  0
300.25  59.50  25.10  0
300.50  59.75  25.04  0
300.75  60.00  25.06  0
301.00  60.25  25.04  0
301.25  60.50  25.06  0
301.50  60.75  25.10  0
301.75  61.00  25.00  0
302.00  61.25  25.00  0
302.25  61.50  25.06  0
302.50  61.75  25.06  0
302.75  62.00  25.00  0
303.00  62.25  24.98  0
303.25  62.50  25.10  0
303.50  62.75  25.00  0
303.75  63.00  24.94  0
304.00  63.25  24.94  0
304.25  63.50  24.94  0
304.50  63.75  24.94  0
304.75  64.00  24.94  0
305.00  64.25  24.88  0
305.25  64.50  24.88  0
305.50  64.75  24.88  0
305.75  65.00  24.94  0
306.00  65.25  24.94  0
306.25  65.50  24.92  0
306.50  65.75  24.98  0
306.75  66.00  24.94  0
307.00  66.25  24.86  0
307.25  66.50  24.88  0
307.50  66.75  24.86  0
307.75  67.00  24.92  0
308.00  67.25  24.88  0
308.25  67.50  24.92  0
308.50  67.75  24.88  0
308.75  68.00  24.88  0
309.00  68.25  24.88  0
309.25  68.50  24.82  0
309.50  68.75  24.86  0
309.75  69.00  24.88  0
310.00  69.25  24.86  0
310.25  69.50  24.88  0
310.50  69.75  24.88  0
310.75  70.00  24.86  0
311.00  70.25  24.88  0
311.25  70.50  24.92  0
311.50  70.75  24.86  0
311.75  71.00  24.86  0
312.00  71.25  24.86  0
312.25  71.50  24.92  0
312.50  71.75  24.80  0
312.75  72.00  24.80  0
313.00  72.25  24.76  0
313.25  72.50  24.86  0
313.50  72.75  24.76  0
313.75  73.00  24.86  0
314.00  73.25  24.82  0
314.25  73.50  24.82  0
314.50  73.75  24.88  0
314.75  74.00  24.76  0
315.00  74.25  24.86  0
315.25  74.50  24.82  0
315.50  74.75  24.74  0
315.75  75.00  24.82  0
316.00  75.25  24.80  0
316.25  75.50  24.82  0
316.50  75.75  24.80  0
316.75  76.00  24.82  0
317.00  76.25  24.82  0
317.25  76.50  24.82  0
317.50  76.75  24.76  0
317.75  77.00  24.76  0
318.00  77.25  24.80  0
318.25  77.50  24.76  0
318.50  77.75  24.82  0
318.75  78.00  24.76  0
319.00  78.25  24.76  0
319.25  78.50  24.74  0
319.50  78.75  24.74  0
319.75  79.00  24.80  0
320.00  79.25  24.76  0
320.25  79.50  24.70  0
320.50  79.75  24.74  0
320.75  80.00  24.74  0
321.00  80.25  24.82  0
321.25  80.50  24.76  0
321.50  80.75  24.74  0
321.75  81.00  24.80  0
322.00  81.25  24.74  0
322.25  81.50  24.80  0
322.50  81.75  24.70  0
322.75  82.00  24.80  0
323.00  82.25  24.76  0
323.25  82.50  24.80  0
323.50  82.75  24.74  0
323.75  83.00  24.76  0
324.00  83.25  24.76  0
324.25  83.50  24.76  0
324.50  83.75  24.70  0
324.75  84.00  24.76  0
325.00  84.25  24.76  0
325.25  84.50  24.74  0
325.50  84.75  24.70  0
325.75  85.00  24.76  0
326.00  85.25  24.74  0
326.25  85.50  24.76  0
326.50  85.75  24.70  0
326.75  86.00  24.68  0
327.00  86.25  24.76  0
327.25  86.50  24.74  0
327.50  86.75  24.80  0
327.75  87.00  24.74  0
328.00  87.25  24.68  0
328.25  87.50  24.68  0
328.50  87.75  24.68  0
328.75  88.00  24.70  0
329.00  88.25  24.74  0
329.25  88.50  24.74  0
329.50  88.75  24.70  0
329.75  89.00  24.70  0
330.00  89.25  24.82  0
330.25  89.50  24.74  0
330.50  89.75  24.76  0
330.75  90.00  24.74  0
331.00  90.25  24.68  0
331.25  90.50  24.74  0
331.50  90.75  24.74  0
331.75  91.00  24.80  0
332.00  91.25  24.74  0
332.25  91.50  24.76  0
332.50  91.75  24.68  0
332.75  92.00  24.68  0
333.00  92.25  24.74  0
333.25  92.50  24.68  0
333.50  92.75  24.68  0
333.75  93.00  24.74  0
334.00  93.25  24.70  0
334.25  93.50  24.74  0
334.50  93.75  24.70  0
334.75  94.00  24.74  0
335.00  94.25  24.74  0
335.25  94.50  24.74  0
335.50  94.75  24.68  0
335.75  95.00  24.68  0
336.00  95.25  24.70  0
336.25  95.50  24.74  0
336.50  95.75  24.68  0
336.75  96.00  24.70  0
337.00  96.25  24.74  0
337.25  96.50  24.70  0
337.50  96.75  24.70  0
337.75  97.00  24.70  0
338.00  97.25  24.68  0
338.25  97.50  24.74  0
338.50  97.75  24.74  0
338.75  98.00  24.70  0
339.00  98.25  24.74  0
339.25  98.50  24.74  0
339.50  98.75  24.74  0
339.75  99.00  24.70  0
340.00  99.25  24.70  0
340.25  99.50  24.74  0
340.50  99.75  24.68  0
340.75  100.00  24.70  0
341.00  100.25  24.74  0
341.25  100.50  24.74  0
341.50  100.75  24.70  0
341.75  101.00  24.68  0
342.00  101.25  24.68  0
342.25  101.50  24.70  0
342.50  101.75  24.64  0
342.75  102.00  24.68  0
343.00  102.25  24.68  0
343.25  102.50  24.68  0
343.50  102.75  24.68  0
343.75  103.00  24.70  0
344.00  103.25  24.74  0
344.25  103.50  24.68  0
344.50  103.75  24.64  0
344.75  104.00  24.64  0
345.00  104.25  24.68  0
345.25  104.50  24.70  0
345.50  104.75  24.76  0
345.75  105.00  24.68  0
346.00  105.25  24.70  0
346.25  105.50  24.68  0
346.50  105.75  24.74  0
346.75  106.00  24.74  0
347.00  106.25  24.68  0
347.25  106.50  24.64  0
347.50  106.75  24.74  0
347.75  107.00  24.64  0
348.00  107.25  24.70  0
348.25  107.50  24.70  0
348.50  107.75  24.64  0
348.75  108.00  24.70  0
349.00  108.25  24.74  0
349.25  108.50  24.64  0
349.50  108.75  24.62  0
349.75  109.00  24.68  0
350.00  109.25  24.64  0
350.25  109.50  24.76  0
350.50  109.75  24.68  0
350.75  110.00  24.62  0
351.00  110.25  24.68  0
351.25  110.50  24.70  0
351.50  110.75  24.74  0
351.75  111.00  24.68  0
352.00  111.25  24.64  0
352.25  111.50  24.70  0
352.50  111.75  24.64  0
352.75  112.00  24.70  0
353.00  112.25  24.70  0
353.25  112.50  24.70  0
353.50  112.75  24.64  0
353.75  113.00  24.64  0
354.00  113.25  24.70  0
354.25  113.50  24.68  0
354.50  113.75  24.70  0
354.75  114.00  24.64  0
355.00  114.25  24.70  0
355.25  114.50  24.68  0
355.50  114.75  24.68  0
355.75  115.00  24.70  0
356.00  115.25  24.62  0
356.25  115.50  24.68  0
356.50  115.75  24.64  0
356.75  116.00  24.64  0
357.00  116.25  24.70  0
357.25  116.50  24.68  0
357.50  116.75  24.64  0
357.75  117.00  24.68  0
358.00  117.25  24.68  0
358.25  117.50  24.64  0
358.50  117.75  24.62  0
358.75  118.00  24.64  0
359.00  118.25  24.80  0
359.25  118.50  24.70  0
359.50  118.75  24.74  0
359.75  119.00  24.68  0
360.00  119.25  24.64  0
360.25  119.50  24.70  0
360.50  119.75  24.64  0
360.75  120.00  24.74  0
361.00  0.00  24.68  0
361.25  0.25  24.62  0
361.50  0.50  24.68  0
361.75  0.75  24.68  0
362.00  1.00  24.64  0
362.25  1.25  24.64  0
362.50  1.50  24.68  0
362.75  1.75  24.64  0
363.00  2.00  24.64  0
363.25  2.25  24.70  0
363.50  2.50  24.64  0
363.75  2.75  24.62  0
364.00  3.00  24.64  0
364.25  3.25  24.64  0
364.50  3.50  24.64  0
364.75  3.75  24.62  0
365.00  4.00  24.68  0
365.25  4.25  24.74  0
365.50  4.50  24.68  0
365.75  4.75  24.68  0
366.00  5.00  24.70  0
366.25  5.25  24.70  0
366.50  5.50  24.64  0
366.75  5.75  24.68  0
367.00  6.00  24.68  0
367.25  6.25  24.62  0
367.50  6.50  24.64  0
367.75  6.75  24.62  0
368.00  7.00  24.64  0
368.25  7.25  24.68  0
368.50  7.50  24.58  0
368.75  7.75  24.70  0
369.00  8.00  24.68  0
369.25  8.25  24.70  0
369.50  8.50  24.64  0
369.75  8.75  24.64  0
370.00  9.00  24.62  0
370.25  9.25  24.68  0
370.50  9.50  24.62  0
370.75  9.75  24.70  0
371.00  10.00  24.74  0
371.25  10.25  24.80  1
371.50  10.50  25.22  1
371.75  10.75  25.46  1
372.00  11.00  25.78  1
372.25  11.25  25.98  1
372.50  11.50  26.30  1
372.75  11.75  26.66  1
373.00  12.00  26.82  1
373.25  12.25  27.08  1
373.50  12.50  27.16  1
373.75  12.75  27.42  1
374.00  13.00  27.60  1
374.25  13.25  27.78  1
374.50  13.50  27.92  1
374.75  13.75  28.10  1
375.00  14.00  28.16  1
375.25  14.25  28.30  1
375.50  14.50  28.42  1
375.75  14.75  28.50  1
376.00  15.00  28.64  1
376.25  15.25  28.64  1
376.50  15.50  28.78  1
376.75  15.75  28.84  1
377.00  16.00  28.96  1
377.25  16.25  29.02  1
377.50  16.50  29.08  1
377.75  16.75  29.14  1
378.00  17.00  29.24  1
378.25  17.25  29.28  1
378.50  17.50  29.34  1
378.75  17.75  29.34  1
379.00  18.00  29.42  1
379.25  18.25  29.38  1
379.50  18.50  29.44  1
379.75  18.75  29.48  1
380.00  19.00  29.58  1
380.25  19.25  29.62  1
380.50  19.50  29.62  1
380.75  19.75  29.70  1
381.00  20.00  29.68  1
381.25  20.25  29.76  1
381.50  20.50  29.76  1
381.75  20.75  29.82  1
382.00  21.00  29.84  1
382.25  21.25  29.84  1
382.50  21.50  29.88  1
382.75  21.75  29.92  1
383.00  22.00  29.98  1
383.25  22.25  29.98  1
383.50  22.50  30.02  1
383.75  22.75  30.02  1
384.00  23.00  29.92  1
384.25  23.25  30.08  1
384.50  23.50  30.10  1
384.75  23.75  30.14  1
385.00  24.00  30.14  1
385.25  24.25  30.14  1
385.50  24.50  30.14  1
385.75  24.75  30.16  1
386.00  25.00  30.22  1
386.25  25.25  30.22  1
386.50  25.50  30.18  1
386.75  25.75  30.22  1
387.00  26.00  30.24  1
387.25  26.25  30.24  1
387.50  26.50  30.24  1
387.75  26.75  30.24  1
388.00  27.00  30.28  1
388.25  27.25  30.24  1
388.50  27.50  30.28  1
388.75  27.75  30.36  1
389.00  28.00  30.32  1
389.25  28.25  30.36  1
389.50  28.50  30.32  1
389.75  28.75  30.32  1
390.00  29.00  30.38  1
390.25  29.25  30.36  1
390.50  29.50  30.32  1
390.75  29.75  30.38  1
391.00  30.00  30.38  1
391.25  30.25  30.36  1
391.50  30.50  30.46  1
391.75  30.75  30.36  1
392.00  31.00  30.44  1
392.25  31.25  30.50  1
392.50  31.50  30.46  1
392.75  31.75  30.50  1
393.00  32.00  30.52  1
393.25  32.25  30.50  1
393.50  32.50  30.50  1
393.75  32.75  30.56  1
394.00  33.00  30.50  1
394.25  33.25  30.50  1
394.50  33.50  30.56  1
394.75  33.75  30.50  1
395.00  34.00  30.50  1
395.25  34.25  30.56  1
395.50  34.50  30.50  1
395.75  34.75  30.56  1
396.00  35.00  30.46  1
396.25  35.25  30.56  1
396.50  35.50  30.56  1
396.75  35.75  30.56  1
397.00  36.00  30.56  1
397.25  36.25  30.58  1
397.50  36.50  30.58  1
397.75  36.75  30.56  1
398.00  37.00  30.58  1
398.25  37.25  30.56  1
398.50  37.50  30.56  1
398.75  37.75  30.58  1
399.00  38.00  30.62  1
399.25  38.25  30.58  1
399.50  38.50  30.56  1
399.75  38.75  30.64  1
400.00  39.00  30.58  1
400.25  39.25  30.62  1
400.50  39.50  30.62  1
400.75  39.75  30.64  1
401.00  40.00  30.66  1
401.25  40.25  30.46  0
401.50  40.50  30.10  0
401.75  40.75  29.84  0
402.00  41.00  29.44  0
402.25  41.25  29.24  0
402.50  41.50  28.94  0
402.75  41.75  28.70  0
403.00  42.00  28.52  0
403.25  42.25  28.26  0
403.50  42.50  28.18  0
403.75  42.75  27.90  0
404.00  43.00  27.78  0
404.25  43.25  27.62  0
404.50  43.50  27.42  0
404.75  43.75  27.30  0
405.00  44.00  27.22  0
405.25  44.25  27.10  0
405.50  44.50  26.96  0
405.75  44.75  26.96  0
406.00  45.00  26.84  0
406.25  45.25  26.76  0
406.50  45.50  26.66  0
406.75  45.75  26.58  0
407.00  46.00  26.58  0
407.25  46.25  26.42  0
407.50  46.50  26.40  0
407.75  46.75  26.34  0
408.00  47.00  26.26  0
408.25  47.25  26.20  0
408.50  47.50  26.22  0
408.75  47.75  26.04  0
409.00  48.00  26.10  0
409.25  48.25  25.98  0
409.50  48.50  25.98  0
409.75  48.75  25.96  0
410.00  49.00  25.92  0
410.25  49.25  25.86  0
410.50  49.50  25.90  0
410.75  49.75  25.80  0
411.00  50.00  25.78  0
411.25  50.25  25.74  0
411.50  50.50  25.62  0
411.75  50.75  25.66  0
412.00  51.00  25.62  0
412.25  51.25  25.58  0
412.50  51.50  25.60  0
412.75  51.75  25.60  0
413.00  52.00  25.58  0
413.25  52.25  25.54  0
413.50  52.50  25.52  0
413.75  52.75  25.52  0
414.00  53.00  25.54  0
414.25  53.25  25.40  0
414.50  53.50  25.40  0
414.75  53.75  25.40  0
415.00  54.00  25.34  0
415.25  54.25  25.34  0
415.50  54.50  25.34  0
415.75  54.75  25.36  0
416.00  55.00  25.34  0
416.25  55.25  25.28  0
416.50  55.50  25.30  0
416.75  55.75  25.28  0
417.00  56.00  25.30  0
417.25  56.25  25.28  0
417.50  56.50  25.30  0
417.75  56.75  25.28  0
418.00  57.00  25.18  0
418.25  57.25  25.22  0
418.50  57.50  25.10  0
418.75  57.75  25.10  0
419.00  58.00  25.18  0
419.25  58.25  25.12  0
419.50  58.50  25.12  0
419.75  58.75  25.12  0
420.00  59.00  25.12  0
420.25  59.25  25.10  0
420.50  59.50  25.12  0
420.75  59.75  25.12  0
421.00  60.00  25.06  0
421.25  60.25  25.06  0
421.50  60.50  25.06  0
421.75  60.75  25.06  0
422.00  61.00  25.04  0
422.25  61.25  25.06  0
422.50  61.50  25.10  0
422.75  61.75  24.98  0
423.00  62.00  25.06  0
423.25  62.25  25.04  0
423.50  62.50  25.04  0
423.75  62.75  25.04  0
424.00  63.00  24.94  0
424.25  63.25  24.94  0
424.50  63.50  24.94  0
424.75  63.75  25.10  0
425.00  64.00  24.98  0
425.25  64.25  24.98  0
425.50  64.50  24.94  0
425.75  64.75  24.98  0
426.00  65.00  25.00  0
426.25  65.25  24.98  0
426.50  65.50  25.04  0
426.75  65.75  25.00  0
427.00  66.00  25.00  0
427.25  66.25  25.04  0
427.50  66.50  24.98  0
427.75  66.75  24.94  0
428.00  67.00  24.98  0
428.25  67.25  24.94  0
428.50  67.50  24.98  0
428.75  67.75  24.94  0
429.00  68.00  24.94  0
429.25  68.25  24.92  0
429.50  68.50  24.92  0
429.75  68.75  24.94  0
430.00  69.00  24.94  0
430.25  69.25  24.94  0
430.50  69.50  24.92  0
430.75  69.75  24.88  0
431.00  70.00  24.98  0
431.25  70.25  24.92  0
431.50  70.50  24.88  0
431.75  70.75  24.88  0
432.00  71.00  24.94  0
432.25  71.25  24.92  0
432.50  71.50  24.86  0
432.75  71.75  24.94  0
433.00  72.00  24.92  0
433.25  72.25  24.86  0
433.50  72.50  24.88  0
433.75  72.75  24.88  0
434.00  73.00  24.86  0
434.25  73.25  24.88  0
434.50  73.50  24.92  0
434.75  73.75  24.92  0
435.00  74.00  24.86  0
435.25  74.25  24.88  0
435.50  74.50  24.92  0
435.75  74.75  24.80  0
436.00  75.00  24.86  0
436.25  75.25  24.88  0
436.50  75.50  24.82  0
436.75  75.75  24.88  0
437.00  76.00  24.74  0
437.25  76.25  24.80  0
437.50  76.50  24.92  0
437.75  76.75  24.76  0
438.00  77.00  24.82  0
438.25  77.25  24.88  0
438.50  77.50  24.80  0
438.75  77.75  24.86  0
439.00  78.00  24.88  0
439.25  78.25  24.80  0
439.50  78.50  24.86  0
439.75  78.75  24.88  0
440.00  79.00  24.82  0
440.25  79.25  24.80  0
440.50  79.50  24.92  0
440.75  79.75  24.82  0
441.00  80.00  24.82  0
441.25  80.25  24.82  0
441.50  80.50  24.86  0
441.75  80.75  24.88  0
442.00  81.00  24.82  0
442.25  81.25  24.88  0
442.50  81.50  24.86  0
442.75  81.75  24.74  0
443.00  82.00  24.80  0
443.25  82.25  24.76  0
443.50  82.50  24.76  0
443.75  82.75  24.88  0
444.00  83.00  24.80  0
444.25  83.25  24.80  0
444.50  83.50  24.86  0
444.75  83.75  24.76  0
445.00  84.00  24.82  0
445.25  84.25  24.76  0
445.50  84.50  24.76  0
445.75  84.75  24.76  0
446.00  85.00  24.86  0
446.25  85.25  24.82  0
446.50  85.50  24.76  0
446.75  85.75  24.76  0
447.00  86.00  24.80  0
447.25  86.25  24.74  0
447.50  86.50  24.88  0
447.75  86.75  24.86  0
448.00  87.00  24.80  0
448.25  87.25  24.74  0
448.50  87.50  24.76  0
448.75  87.75  24.74  0
449.00  88.00  24.82  0
449.25  88.25  24.88  0
449.50  88.50  24.80  0
449.75  88.75  24.82  0
450.00  89.00  24.82  0
450.25  89.25  24.76  0
450.50  89.50  24.80  0
450.75  89.75  24.70  0
451.00  90.00  24.74  0
451.25  90.25  24.76  0
451.50  90.50  24.76  0
451.75  90.75  24.80  0
452.00  91.00  24.80  0
452.25  91.25  24.86  0
452.50  91.50  24.74  0
452.75  91.75  24.74  0
453.00  92.00  24.82  0
453.25  92.25  24.82  0
453.50  92.50  24.76  0
453.75  92.75  24.76  0
454.00  93.00  24.80  0
454.25  93.25  24.76  0
454.50  93.50  24.82  0
454.75  93.75  24.82  0
455.00  94.00  24.76  0
455.25  94.25  24.70  0
455.50  94.50  24.76  0
455.75  94.75  24.76  0
456.00  95.00  24.70  0
456.25  95.25  24.82  0
456.50  95.50  24.74  0
456.75  95.75  24.76  0
457.00  96.00  24.86  0
457.25  96.25  24.74  0
457.50  96.50  24.80  0
457.75  96.75  24.70  0
458.00  97.00  24.76  0
458.25  97.25  24.80  0
458.50  97.50  24.76  0
458.75  97.75  24.86  0
459.00  98.00  24.82  0
459.25  98.25  24.74  0
459.50  98.50  24.76  0
459.75  98.75  24.70  0
460.00  99.00  24.70  0
460.25  99.25  24.74  0
460.50  99.50  24.70  0
460.75  99.75  24.76  0
461.00  100.00  24.74  0
461.25  100.25  24.76  0
461.50  100.50  24.76  0
461.75  100.75  24.76  0
462.00  101.00  24.70  0
462.25  101.25  24.82  0
462.50  101.50  24.80  0
462.75  101.75  24.76  0
463.00  102.00  24.74  0
463.25  102.25  24.82  0
463.50  102.50  24.74  0
463.75  102.75  24.76  0
464.00  103.00  24.82  0
464.25  103.25  24.82  0
464.50  103.50  24.74  0
464.75  103.75  24.86  0
465.00  104.00  24.76  0
465.25  104.25  24.80  0
465.50  104.50  24.80  0
465.75  104.75  24.74  0
466.00  105.00  24.74  0
466.25  105.25  24.76  0
466.50  105.50  24.74  0
466.75  105.75  24.76  0
467.00  106.00  24.74  0
467.25  106.25  24.68  0
467.50  106.50  24.76  0
467.75  106.75  24.80  0
468.00  107.00  24.74  0
468.25  107.25  24.76  0
468.50  107.50  24.68  0
468.75  107.75  24.82  0
469.00  108.00  24.82  0
469.25  108.25  24.82  0
469.50  108.50  24.80  0
469.75  108.75  24.74  0
470.00  109.00  24.74  0
470.25  109.25  24.74  0
470.50  109.50  24.76  0
470.75  109.75  24.80  0
471.00  110.00  24.82  0
471.25  110.25  24.80  0
471.50  110.50  24.80  0
471.75  110.75  24.74  0
472.00  111.00  24.70  0
472.25  111.25  24.76  0
472.50  111.50  24.80  0
472.75  111.75  24.82  0
473.00  112.00  24.74  0
473.25  112.25  24.82  0
473.50  112.50  24.70  0
473.75  112.75  24.70  0
474.00  113.00  24.76  0
474.25  113.25  24.68  0
474.50  113.50  24.74  0
474.75  113.75  24.76  0
475.00  114.00  24.70  0
475.25  114.25  24.80  0
475.50  114.50  24.70  0
475.75  114.75  24.74  0
476.00  115.00  24.70  0
476.25  115.25  24.68  0
476.50  115.50  24.74  0
476.75  115.75  24.74  0
477.00  116.00  24.74  0
477.25  116.25  24.80  0
477.50  116.50  24.80  0
477.75  116.75  24.74  0
478.00  117.00  24.80  0
478.25  117.25  24.68  0
478.50  117.50  24.64  0
478.75  117.75  24.68  0
479.00  118.00  24.70  0
479.25  118.25  24.68  0
479.50  118.50  24.70  0
479.75  118.75  24.70  0
480.00  119.00  24.74  0
480.25  119.25  24.76  0
480.50  119.50  24.70  0
480.75  119.75  24.68  0
481.00  120.00  24.68  0
481.25  0.00  24.68  0
481.50  0.25  24.80  0
481.75  0.50  24.68  0
482.00  0.75  24.74  0
482.25  1.00  24.70  0
482.50  1.25  24.70  0
482.75  1.50  24.74  0
483.00  1.75  24.68  0
483.25  2.00  24.68  0
483.50  2.25  24.70  0
483.75  2.50  24.82  0
484.00  2.75  24.68  0
484.25  3.00  24.74  0
484.50  3.25  24.74  0
484.75  3.50  24.76  0
485.00  3.75  24.68  0
485.25  4.00  24.70  0
485.50  4.25  24.68  0
485.75  4.50  24.70  0
486.00  4.75  24.68  0
486.25  5.00  24.70  0
486.50  5.25  24.70  0
486.75  5.50  24.68  0
487.00  5.75  24.68  0
487.25  6.00  24.76  0
487.50  6.25  24.64  0
487.75  6.50  24.74  0
488.00  6.75  24.68  0
488.25  7.00  24.68  0
488.50  7.25  24.70  0
488.75  7.50  24.68  0
489.00  7.75  24.64  0
489.25  8.00  24.74  0
489.50  8.25  24.68  0
489.75  8.50  24.74  0
490.00  8.75  24.74  0
490.25  9.00  24.64  0
490.50  9.25  24.68  0
490.75  9.50  24.74  0
491.00  9.75  24.62  0
491.25  10.00  24.68  0
491.50  10.25  24.82  1
491.75  10.50  25.18  1
492.00  10.75  25.52  1
492.25  11.00  25.74  1
492.50  11.25  26.10  1
492.75  11.50  26.34  1
493.00  11.75  26.58  1
493.25  12.00  26.76  1
493.50  12.25  27.08  1
493.75  12.50  27.34  1
494.00  12.75  27.46  1
494.25  13.00  27.62  1
494.50  13.25  27.80  1
494.75  13.50  27.98  1
495.00  13.75  28.06  1
495.25  14.00  28.22  1
495.50  14.25  28.32  1
495.75  14.50  28.42  1
496.00  14.75  28.52  1
496.25  15.00  28.62  1
496.50  15.25  28.74  1
496.75  15.50  28.82  1
497.00  15.75  28.90  1
497.25  16.00  28.98  1
497.50  16.25  29.02  1
497.75  16.50  29.14  1
498.00  16.75  29.16  1
498.25  17.00  29.24  1
498.50  17.25  29.36  1
498.75  17.50  29.30  1
499.00  17.75  29.42  1
499.25  18.00  29.48  1
499.50  18.25  29.44  1
499.75  18.50  29.54  1
500.00  18.75  29.56  1
500.25  19.00  29.58  1
500.50  19.25  29.68  1
500.75  19.50  29.70  1
501.00  19.75  29.74  1
501.25  20.00  29.76  1
501.50  20.25  29.70  1
501.75  20.50  29.82  1
502.00  20.75  29.84  1
502.25  21.00  29.84  1
502.50  21.25  29.88  1
502.75  21.50  29.84  1
503.00  21.75  29.96  1
503.25  22.00  29.96  1
503.50  22.25  30.02  1
503.75  22.50  29.96  1
504.00  22.75  30.02  1
504.25  23.00  30.08  1
504.50  23.25  30.14  1
504.75  23.50  30.08  1
505.00  23.75  30.14  1
505.25  24.00  30.16  1
505.50  24.25  30.22  1
505.75  24.50  30.22  1
506.00  24.75  30.22  1
506.25  25.00  30.24  1
506.50  25.25  30.18  1
506.75  25.50  30.28  1
507.00  25.75  30.22  1
507.25  26.00  30.24  1
507.50  26.25  30.30  1
507.75  26.50  30.28  1
508.00  26.75  30.30  1
508.25  27.00  30.32  1
508.50  27.25  30.30  1
508.75  27.50  30.38  1
509.00  27.75  30.36  1
509.25  28.00  30.28  1
509.50  28.25  30.38  1
509.75  28.50  30.42  1
510.00  28.75  30.38  1
510.25  29.00  30.42  1
510.50  29.25  30.36  1
510.75  29.50  30.44  1
511.00  29.75  30.36  1
511.25  30.00  30.46  1
511.50  30.25  30.44  1
511.75  30.50  30.46  1
512.00  30.75  30.42  1
512.25  31.00  30.46  1
512.50  31.25  30.50  1
512.75  31.50  30.46  1
513.00  31.75  30.52  1
513.25  32.00  30.52  1
513.50  32.25  30.52  1
513.75  32.50  30.56  1
514.00  32.75  30.62  1
514.25  33.00  30.52  1
514.50  33.25  30.50  1
514.75  33.50  30.52  1
515.00  33.75  30.58  1
515.25  34.00  30.58  1
515.50  34.25  30.52  1
515.75  34.50  30.64  1
516.00  34.75  30.52  1
516.25  35.00  30.58  1
516.50  35.25  30.62  1
516.75  35.50  30.56  1
517.00  35.75  30.62  1
517.25  36.00  30.62  1
517.50  36.25  30.62  1
517.75  36.50  30.64  1
518.00  36.75  30.66  1
518.25  37.00  30.64  1
518.50  37.25  30.62  1
518.75  37.50  30.56  1
519.00  37.75  30.70  1
519.25  38.00  30.62  1
519.50  38.25  30.64  1
519.75  38.50  30.66  1
520.00  38.75  30.66  1
520.25  39.00  30.64  1
520.50  39.25  30.70  1
520.75  39.50  30.62  1
521.00  39.75  30.70  1
521.25  40.00  30.66  1
521.50  40.25  30.66  1
521.75  40.50  30.66  1
522.00  40.75  30.66  1
522.25  41.00  30.66  1
522.50  41.25  30.70  1
522.75  41.50  30.70  1
523.00  41.75  30.70  1
523.25  42.00  30.70  1
523.50  42.25  30.66  1
523.75  42.50  30.70  1
524.00  42.75  30.72  1
524.25  43.00  30.72  1
524.50  43.25  30.76  1
524.75  43.50  30.66  1
525.00  43.75  30.70  1
525.25  44.00  30.66  1
525.50  44.25  30.70  1
525.75  44.50  30.70  1
526.00  44.75  30.64  1
526.25  45.00  30.70  1
526.50  45.25  30.72  1
526.75  45.50  30.70  1
527.00  45.75  30.72  1
527.25  46.00  30.76  1
527.50  46.25  30.66  1
527.75  46.50  30.70  1
528.00  46.75  30.70  1
528.25  47.00  30.76  1
528.50  47.25  30.72  1
528.75  47.50  30.76  1
529.00  47.75  30.76  1
529.25  48.00  30.72  1
529.50  48.25  30.70  1
529.75  48.50  30.70  1
530.00  48.75  30.72  1
530.25  49.00  30.72  1
530.50  49.25  30.76  1
530.75  49.50  30.78  1
531.00  49.75  30.76  1
531.25  50.00  30.76  1
531.50  50.25  30.72  1
531.75  50.50  30.78  1
532.00  50.75  30.72  1
532.25  51.00  30.80  1
532.50  51.25  30.78  1
532.75  51.50  30.76  1
533.00  51.75  30.72  1
533.25  52.00  30.78  1
533.50  52.25  30.76  1
533.75  52.50  30.78  1
534.00  52.75  30.80  1
534.25  53.00  30.76  1
534.50  53.25  30.76  1
534.75  53.50  30.78  1
535.00  53.75  30.76  1
535.25  54.00  30.72  1
535.50  54.25  30.78  1
535.75  54.50  30.76  1
536.00  54.75  30.70  1
536.25  55.00  30.80  1
536.50  55.25  30.80  1
536.75  55.50  30.76  1
537.00  55.75  30.78  1
537.25  56.00  30.78  1
537.50  56.25  30.78  1
537.75  56.50  30.78  1
538.00  56.75  30.76  1
538.25  57.00  30.78  1
538.50  57.25  30.76  1
538.75  57.50  30.80  1
539.00  57.75  30.78  1
539.25  58.00  30.76  1
539.50  58.25  30.76  1
539.75  58.50  30.76  1
540.00  58.75  30.78  1
540.25  59.00  30.80  1
540.50  59.25  30.80  1
540.75  59.50  30.72  1
541.00  59.75  30.80  1
541.25  60.00  30.80  1
541.50  60.25  30.84  1
541.75  60.50  30.84  1
542.00  60.75  30.84  1
542.25  61.00  30.80  1
542.50  61.25  30.80  1
542.75  61.50  30.84  1
543.00  61.75  30.84  1
543.25  62.00  30.76  1
543.50  62.25  30.80  1
543.75  62.50  30.84  1
544.00  62.75  30.84  1
544.25  63.00  30.84  1
544.50  63.25  30.80  1
544.75  63.50  30.76  1
545.00  63.75  30.84  1
545.25  64.00  30.80  1
545.50  64.25  30.86  1
545.75  64.50  30.86  1
546.00  64.75  30.80  1
546.25  65.00  30.84  1
546.50  65.25  30.80  1
546.75  65.50  30.86  1
547.00  65.75  30.84  1
547.25  66.00  30.84  1
547.50  66.25  30.84  1
547.75  66.50  30.80  1
548.00  66.75  30.80  1
548.25  67.00  30.84  1
548.50  67.25  30.84  1
548.75  67.50  30.80  1
549.00  67.75  30.84  1
549.25  68.00  30.80  1
549.50  68.25  30.80  1
549.75  68.50  30.86  1
550.00  68.75  30.80  1
550.25  69.00  30.80  1
550.50  69.25  30.84  1
550.75  69.50  30.84  1
551.00  69.75  30.78  1
551.25  70.00  30.80  1
551.50  70.25  30.90  1
551.75  70.50  30.78  1
552.00  70.75  30.84  1
552.25  71.00  30.84  1
552.50  71.25  30.80  1
552.75  71.50  30.80  1
553.00  71.75  30.80  1
553.25  72.00  30.86  1
553.50  72.25  30.86  1
553.75  72.50  30.84  1
554.00  72.75  30.78  1
554.25  73.00  30.84  1
554.50  73.25  30.84  1
554.75  73.50  30.84  1
555.00  73.75  30.84  1
555.25  74.00  30.86  1
555.50  74.25  30.84  1
555.75  74.50  30.86  1
556.00  74.75  30.84  1
556.25  75.00  30.90  1
556.50  75.25  30.86  1
556.75  75.50  30.86  1
557.00  75.75  30.80  1
557.25  76.00  30.86  1
557.50  76.25  30.90  1
557.75  76.50  30.84  1
558.00  76.75  30.84  1
558.25  77.00  30.90  1
558.50  77.25  30.84  1
558.75  77.50  30.86  1
559.00  77.75  30.86  1
559.25  78.00  30.90  1
559.50  78.25  30.80  1
559.75  78.50  30.86  1
560.00  78.75  30.86  1
560.25  79.00  30.90  1
560.50  79.25  30.90  1
560.75  79.50  30.92  1
561.00  79.75  30.86  1
561.25  80.00  30.86  1
561.50  80.25  30.90  1
561.75  80.50  30.86  1
562.00  80.75  30.86  1
562.25  81.00  30.86  1
562.50  81.25  30.84  1
562.75  81.50  30.90  1
563.00  81.75  30.84  1
563.25  82.00  30.90  1
563.50  82.25  30.80  1
563.75  82.50  30.90  1
564.00  82.75  30.90  1
564.25  83.00  30.90  1
564.50  83.25  30.86  1
564.75  83.50  30.86  1
565.00  83.75  30.90  1
565.25  84.00  30.92  1
565.50  84.25  30.96  1
565.75  84.50  30.96  1
566.00  84.75  30.86  1
566.25  85.00  30.86  1
566.50  85.25  30.84  1
566.75  85.50  30.90  1
567.00  85.75  30.84  1
567.25  86.00  30.90  1
567.50  86.25  30.90  1
567.75  86.50  30.86  1
568.00  86.75  30.98  1
568.25  87.00  30.90  1
568.50  87.25  30.86  1
568.75  87.50  30.86  1
569.00  87.75  30.90  1
569.25  88.00  30.90  1
569.50  88.25  30.92  1
569.75  88.50  30.92  1
570.00  88.75  30.90  1
570.25  89.00  30.92  1
570.50  89.25  30.92  1
570.75  89.50  30.90  1
571.00  89.75  30.92  1
571.25  90.00  30.92  1
571.50  90.25  30.90  1
571.75  90.50  30.90  1
572.00  90.75  30.92  1
572.25  91.00  30.86  1
572.50  91.25  30.92  1
572.75  91.50  30.92  1
573.00  91.75  30.92  1
573.25  92.00  30.80  1
573.50  92.25  30.90  1
573.75  92.50  30.90  1
574.00  92.75  30.96  1
574.25  93.00  30.96  1
574.50  93.25  30.90  1
574.75  93.50  30.90  1
575.00  93.75  30.90  1
575.25  94.00  30.92  1
575.50  94.25  30.92  1
575.75  94.50  30.86  1
576.00  94.75  30.90  1
576.25  95.00  30.92  1
576.50  95.25  30.92  1
576.75  95.50  30.92  1
577.00  95.75  30.96  1
577.25  96.00  30.86  1
577.50  96.25  30.92  1
577.75  96.50  30.96  1
578.00  96.75  30.90  1
578.25  97.00  30.90  1
578.50  97.25  30.92  1
578.75  97.50  30.96  1
579.00  97.75  30.90  1
579.25  98.00  30.92  1
579.50  98.25  30.96  1
579.75  98.50  30.90  1
580.00  98.75  30.96  1
580.25  99.00  30.92  1
580.50  99.25  30.92  1
580.75  99.50  30.92  1
581.00  99.75  30.90  1
581.25  100.00  30.92  1
581.50  100.25  30.96  1
581.75  100.50  30.90  1
582.00  100.75  30.90  1
582.25  101.00  30.96  1
582.50  101.25  30.96  1
582.75  101.50  30.96  1
583.00  101.75  30.90  1
583.25  102.00  30.92  1
583.50  102.25  30.98  1
583.75  102.50  30.96  1
584.00  102.75  30.98  1
584.25  103.00  30.98  1
584.50  103.25  31.00  1
584.75  103.50  30.92  1
585.00  103.75  30.92  1
585.25  104.00  30.92  1
585.50  104.25  30.92  1
585.75  104.50  30.90  1
586.00  104.75  30.98  1
586.25  105.00  30.92  1
586.50  105.25  30.92  1
586.75  105.50  30.96  1
587.00  105.75  30.98  1
587.25  106.00  30.86  1
587.50  106.25  30.98  1
587.75  106.50  30.98  1
588.00  106.75  30.92  1
588.25  107.00  30.98  1
588.50  107.25  30.96  1
588.75  107.50  30.96  1
589.00  107.75  30.98  1
589.25  108.00  30.90  1
589.50  108.25  30.90  1
589.75  108.50  30.96  1
590.00  108.75  30.96  1
590.25  109.00  30.96  1
590.50  109.25  30.96  1
590.75  109.50  31.00  1
591.00  109.75  30.96  1
591.25  110.00  30.90  1
591.50  110.25  30.98  1
591.75  110.50  30.90  1
592.00  110.75  30.98  1
592.25  111.00  30.90  1
592.50  111.25  30.96  1
592.75  111.50  30.96  1
593.00  111.75  30.98  1
593.25  112.00  30.96  1
593.50  112.25  30.96  1
593.75  112.50  30.96  1
594.00  112.75  30.90  1
594.25  113.00  30.90  1
594.50  113.25  30.90  1
594.75  113.50  30.96  1
595.00  113.75  30.98  1
595.25  114.00  30.90  1
595.50  114.25  30.92  1
595.75  114.50  30.92  1
596.00  114.75  30.86  1
596.25  115.00  30.90  1
596.50  115.25  30.98  1
596.75  115.50  30.90  1
597.00  115.75  30.90  1
597.25  116.00  30.96  1
597.50  116.25  30.96  1
597.75  116.50  30.92  1
598.00  116.75  30.98  1
598.25  117.00  30.90  1
598.50  117.25  30.92  1
598.75  117.50  30.96  1
599.00  117.75  30.92  1
599.25  118.00  30.86  1
599.50  118.25  30.90  1
599.75  118.50  30.96  1
600.00  118.75  30.92  1
600.25  119.00  31.00  1
600.50  119.25  31.00  1
600.75  119.50  30.92  1
601.00  119.75  31.00  1
601.25  120.00  30.92  1
601.50  120.25  30.90  1
601.75  120.50  30.90  1
602.00  120.75  30.96  1
602.25  121.00  30.92  1
602.50  121.25  30.92  1
602.75  121.50  30.96  1
603.00  121.75  30.96  1
603.25  122.00  30.96  1
603.50  122.25  30.98  1
603.75  122.50  30.90  1
604.00  122.75  30.92  1
604.25  123.00  30.92  1
604.50  123.25  30.92  1
604.75  123.50  30.92  1
605.00  123.75  30.86  1
605.25  124.00  30.90  1
605.50  124.25  30.90  1
605.75  124.50  30.96  1
606.00  124.75  30.84  1
606.25  125.00  30.90  1
606.50  125.25  30.96  1
606.75  125.50  30.90  1
607.00  125.75  30.90  1
607.25  126.00  30.96  1
607.50  126.25  30.92  1
607.75  126.50  31.00  1
608.00  126.75  30.96  1
608.25  127.00  30.90  1
608.50  127.25  30.96  1
608.75  127.50  30.92  1
609.00  127.75  30.96  1
609.25  128.00  30.96  1
609.50  128.25  30.98  1
609.75  128.50  30.92  1
610.00  128.75  30.96  1
610.25  129.00  30.92  1
610.50  129.25  30.92  1
610.75  129.50  31.00  1
611.00  129.75  30.92  1
611.25  130.00  30.90  1
611.50  130.25  30.92  0
611.75  130.50  30.46  0
612.00  130.75  30.16  0
612.25  131.00  29.76  0
612.50  131.25  29.58  0
612.75  131.50  29.28  0
613.00  131.75  28.98  0
613.25  132.00  28.78  0
613.50  132.25  28.52  0
613.75  132.50  28.42  0
614.00  132.75  28.24  0
614.25  133.00  28.12  0
614.50  133.25  27.92  0
614.75  133.50  27.78  0
615.00  133.75  27.74  0
615.25  134.00  27.58  0
615.50  134.25  27.48  0
615.75  134.50  27.34  0
616.00  134.75  27.34  0
616.25  135.00  27.16  0
616.50  135.25  27.02  0
616.75  135.50  26.96  0
617.00  135.75  26.86  0
617.25  136.00  26.86  0
617.50  136.25  26.78  0
617.75  136.50  26.70  0
618.00  136.75  26.60  0
618.25  137.00  26.60  0
618.50  137.25  26.52  0
618.75  137.50  26.52  0
619.00  137.75  26.46  0
619.25  138.00  26.46  0
619.50  138.25  26.28  0
619.75  138.50  26.28  0
620.00  138.75  26.26  0
620.25  139.00  26.28  0
620.50  139.25  26.16  0
620.75  139.50  26.16  0
621.00  139.75  26.10  0
621.25  140.00  26.08  0
621.50  140.25  26.10  0
621.75  140.50  25.96  0
622.00  140.75  25.96  0
622.25  141.00  25.96  0
622.50  141.25  25.96  0
622.75  141.50  25.96  0
623.00  141.75  25.96  0
623.25  142.00  25.86  0
623.50  142.25  25.86  0
623.75  142.50  25.86  0
624.00  142.75  25.80  0
624.25  143.00  25.78  0
624.50  143.25  25.74  0
624.75  143.50  25.72  0
625.00  143.75  25.66  0
625.25  144.00  25.74  0
625.50  144.25  25.62  0
625.75  144.50  25.66  0
626.00  144.75  25.66  0
626.25  145.00  25.62  0
626.50  145.25  25.60  0
626.75  145.50  25.66  0
627.00  145.75  25.54  0
627.25  146.00  25.58  0
627.50  146.25  25.60  0
627.75  146.50  25.58  0
628.00  146.75  25.60  0
628.25  147.00  25.54  0
628.50  147.25  25.54  0
628.75  147.50  25.54  0
629.00  147.75  25.58  0
629.25  148.00  25.52  0
629.50  148.25  25.48  0
629.75  148.50  25.48  0
630.00  148.75  25.46  0
630.25  149.00  25.46  0
630.50  149.25  25.46  0
630.75  149.50  25.36  0
631.00  149.75  25.40  0
631.25  150.00  25.34  0
631.50  150.25  25.40  0
631.75  150.50  25.36  0
632.00  150.75  25.36  0
632.25  151.00  25.36  0
632.50  151.25  25.36  0
632.75  151.50  25.34  0
633.00  151.75  25.30  0
633.25  152.00  25.30  0
633.50  152.25  25.34  0
633.75  152.50  25.34  0
634.00  152.75  25.24  0
634.25  153.00  25.30  0
634.50  153.25  25.28  0
634.75  153.50  25.24  0
635.00  153.75  25.30  0
635.25  154.00  25.24  0
635.50  154.25  25.30  0
635.75  154.50  25.24  0
636.00  154.75  25.22  0
636.25  155.00  25.28  0
636.50  155.25  25.28  0
636.75  155.50  25.22  0
637.00  155.75  25.22  0
637.25  156.00  25.22  0
637.50  156.25  25.28  0
637.75  156.50  25.24  0
638.00  156.75  25.24  0
638.25  157.00  25.22  0
638.50  157.25  25.18  0
638.75  157.50  25.22  0
639.00  157.75  25.22  0
639.25  158.00  25.22  0
639.50  158.25  25.24  0
639.75  158.50  25.22  0
640.00  158.75  25.24  0
640.25  159.00  25.24  0
640.50  159.25  25.16  0
640.75  159.50  25.24  0
641.00  159.75  25.24  0
641.25  160.00  25.18  0
641.50  160.25  25.18  0
641.75  160.50  25.16  0
642.00  160.75  25.18  0
642.25  161.00  25.22  0
642.50  161.25  25.16  0
642.75  161.50  25.18  0
643.00  161.75  25.22  0
643.25  162.00  25.16  0
643.50  162.25  25.18  0
643.75  162.50  25.18  0
644.00  162.75  25.24  0
644.25  163.00  25.16  0
644.50  163.25  25.18  0
644.75  163.50  25.22  0
645.00  163.75  25.16  0
645.25  164.00  25.18  0
645.50  164.25  25.22  0
645.75  164.50  25.18  0
646.00  164.75  25.10  0
646.25  165.00  25.18  0
646.50  165.25  25.16  0
646.75  165.50  25.16  0
647.00  165.75  25.18  0
647.25  166.00  25.12  0
647.50  166.25  25.16  0
647.75  166.50  25.12  0
648.00  166.75  25.12  0
648.25  167.00  25.16  0
648.50  167.25  25.10  0
648.75  167.50  25.16  0
649.00  167.75  25.18  0
649.25  168.00  25.18  0
649.50  168.25  25.12  0
649.75  168.50  25.18  0
650.00  168.75  25.16  0
650.25  169.00  25.12  0
650.50  169.25  25.12  0
650.75  169.50  25.10  0
651.00  169.75  25.16  0
651.25  170.00  25.10  0
651.50  170.25  25.12  0
651.75  170.50  25.12  0
652.00  170.75  25.12  0
652.25  171.00  25.16  0
652.50  171.25  25.10  0
652.75  171.50  25.12  0
653.00  171.75  25.16  0
653.25  172.00  25.10  0
653.50  172.25  25.10  0
653.75  172.50  25.16  0
654.00  172.75  25.12  0
654.25  173.00  25.18  0
654.50  173.25  25.10  0
654.75  173.50  25.06  0
655.00  173.75  25.12  0
655.25  174.00  25.06  0
655.50  174.25  25.16  0
655.75  174.50  25.12  0
656.00  174.75  25.10  0
656.25  175.00  25.10  0
656.50  175.25  25.06  0
656.75  175.50  25.10  0
657.00  175.75  25.10  0
657.25  176.00  25.12  0
657.50  176.25  25.10  0
657.75  176.50  25.06  0
658.00  176.75  25.06  0
658.25  177.00  25.10  0
658.50  177.25  25.06  0
658.75  177.50  25.10  0
659.00  177.75  25.10  0
659.25  178.00  25.16  0
659.50  178.25  25.10  0
659.75  178.50  25.12  0
660.00  178.75  25.06  0
660.25  179.00  25.16  0
660.50  179.25  25.12  0
660.75  179.50  25.06  0
661.00  179.75  25.06  0
661.25  180.00  25.06  0
661.50  180.25  25.06  0
661.75  180.50  25.06  0
662.00  180.75  25.10  0
662.25  181.00  25.04  0
662.50  181.25  25.12  0
662.75  181.50  25.06  0
663.00  181.75  25.10  0
663.25  182.00  25.10  0
663.50  182.25  25.00  0
663.75  182.50  25.12  0
664.00  182.75  24.98  0
664.25  183.00  25.04  0
664.50  183.25  25.04  0
664.75  183.50  25.12  0
665.00  183.75  25.06  0
665.25  184.00  24.98  0
665.50  184.25  25.06  0
665.75  184.50  25.04  0
666.00  184.75  25.10  0
666.25  185.00  25.06  0
666.50  185.25  25.06  0
666.75  185.50  25.06  0
667.00  185.75  24.98  0
667.25  186.00  25.06  0
667.50  186.25  25.06  0
667.75  186.50  25.06  0
668.00  186.75  25.06  0
668.25  187.00  24.98  0
668.50  187.25  25.06  0
668.75  187.50  25.06  0
669.00  187.75  25.04  0
669.25  188.00  25.06  0
669.50  188.25  25.00  0
669.75  188.50  24.94  0
670.00  188.75  25.00  0
670.25  189.00  24.94  0
670.50  189.25  25.12  0
670.75  189.50  25.06  0
671.00  189.75  25.04  0
671.25  190.00  25.00  0
671.50  190.25  25.06  0
671.75  190.50  25.00  0
672.00  190.75  25.04  0
672.25  191.00  25.04  0
672.50  191.25  25.10  0
672.75  191.50  25.04  0
673.00  191.75  25.00  0
673.25  192.00  25.00  0
673.50  192.25  25.04  0
673.75  192.50  24.98  0
674.00  192.75  25.00  0
674.25  193.00  25.04  0
674.50  193.25  25.00  0
674.75  193.50  25.04  0
675.00  193.75  24.94  0
675.25  194.00  25.04  0
675.50  194.25  24.92  0
675.75  194.50  25.06  0
676.00  194.75  25.00  0
676.25  195.00  25.06  0
676.50  195.25  25.04  0
676.75  195.50  25.04  0
677.00  195.75  25.04  0
677.25  196.00  25.04  0
677.50  196.25  25.00  0
677.75  196.50  24.94  0
678.00  196.75  24.98  0
678.25  197.00  25.00  0
678.50  197.25  25.00  0
678.75  197.50  25.04  0
679.00  197.75  25.06  0
679.25  198.00  24.94  0
679.50  198.25  25.00  0
679.75  198.50  25.04  0
680.00  198.75  25.04  0
680.25  199.00  25.06  0
680.50  199.25  25.00  0
680.75  199.50  25.06  0
681.00  199.75  25.06  0
681.25  200.00  25.00  0
681.50  200.25  25.04  0
681.75  200.50  25.06  0
682.00  200.75  25.00  0
682.25  201.00  25.00  0
682.50  201.25  25.00  0
682.75  201.50  25.06  0
683.00  201.75  25.06  0
683.25  202.00  24.94  0
683.50  202.25  25.06  0
683.75  202.50  25.00  0
684.00  202.75  25.00  0
684.25  203.00  25.04  0
684.50  203.25  25.06  0
684.75  203.50  24.98  0
685.00  203.75  24.98  0
685.25  204.00  25.00  0
685.50  204.25  24.98  0
685.75  204.50  25.06  0
686.00  204.75  24.98  0
686.25  205.00  25.00  0
686.50  205.25  25.04  0
686.75  205.50  25.00  0
687.00  205.75  24.98  0
687.25  206.00  24.98  0
687.50  206.25  25.06  0
687.75  206.50  25.04  0
688.00  206.75  24.98  0
688.25  207.00  24.98  0
688.50  207.25  25.00  0
688.75  207.50  25.00  0
689.00  207.75  25.04  0
689.25  208.00  24.92  0
689.50  208.25  24.92  0
689.75  208.50  24.98  0
690.00  208.75  25.04  0
690.25  209.00  25.04  0
690.50  209.25  25.00  0
690.75  209.50  24.98  0
691.00  209.75  25.04  0
691.25  210.00  24.98  0